124.0202448 -159.5592729 -0.003210097151
-82.22339176 119.2232807 -0.001649134653
70.3207301 -47.59335445 -0.0005657904164
-133.7731763 -55.85870257 -0.001647647804
17.33230626 23.36594028 -6.653502101e-05
-31.66484957 199.319991 -0.003207552755
31.91256179 130.5149369 -0.001421388363
9.069789653 -51.24201822 -0.0002132478325
111.9442941 66.70045565 -0.001332109805
-183.4597809 56.06696393 -0.002884288583
-136.6886364 49.16195851 -0.001654029688
161.3570029 141.0354837 -0.003606261585
-1.411586295 -105.2308215 -0.000872304897
45.31601089 -82.2376879 -0.000693528799
-44.93248436 11.10391394 -0.0001678719839
-212.9548408 4.996272957 -0.003554636339
80.97421051 101.1163062 -0.001318938049
157.5730318 73.13416856 -0.002366363561
-42.61752511 -69.42400731 -0.0005218825003
35.54748706 -18.04430662 -0.0001246355314
167.2050092 16.96913807 -0.002212853047
194.7797809 -56.36364013 -0.003222338828
91.01553383 -121.1143358 -0.001804251665
-59.59097992 157.9782795 -0.002243809031
125.3789413 162.9318943 -0.003322306017
-94.40268101 184.0639537 -0.003366495579
3.153147272 173.5645385 -0.002373390701
29.29520327 -183.923792 -0.002731514594
-52.56661102 -121.3734972 -0.001376722342
75.28911246 148.6300273 -0.002183935972
112.4698096 -84.95588731 -0.001559399448
68.85815311 227.7204969 -0.004455658869
-67.01023792 -170.7652336 -0.002648467865
202.7245046 70.3269409 -0.003609066123
-86.97181843 -74.82738653 -0.001033552974
-143.5532164 -119.6218328 -0.002741383766
73.53105825 10.65329931 -0.0004325056741
-136.4051273 -11.76011683 -0.001468503108
74.64459304 -187.6912058 -0.003211041177
-220.2413881 76.74926466 -0.004263880521
-102.368558 14.97869869 -0.0008386131513
213.5196128 29.25181243 -0.003638932033
-210.7842829 -66.25175866 -0.003826318052
71.50808189 53.07168279 -0.000622415451
-69.4752994 -212.7930969 -0.003944444695
-179.8013615 108.3662959 -0.003457491866
164.9663878 -130.7925327 -0.003479239166
-182.8711252 -28.26660146 -0.002682741373
13.35076962 220.3106709 -0.003836711815
200.9323078 -107.8894236 -0.004079629936
51.36011558 188.6455655 -0.00300948566
-22.84374459 -158.0185533 -0.002007501341
-120.0070368 93.66425665 -0.001819178236
126.3425353 27.14932103 -0.001308539225
226.9588123 -17.22602028 -0.004058655081
-170.7027729 -87.55481887 -0.002886524963
44.70344506 -133.773183 -0.001565980979
-103.1946275 -139.8465169 -0.002374554933
-24.85592422 -25.89353189 -0.0001012054705
150.8765257 -42.20200109 -0.001923566436
-145.5218037 -169.3052771 -0.003916552579
-109.6357585 -192.3860909 -0.003856728172
-86.82301456 -30.09600407 -0.0006618786101
-136.6584193 167.1577144 -0.003663712214
-69.4943092 223.8429062 -0.004324647714
-9.354159982 -219.0919346 -0.003787424973
-169.9445012 15.91165203 -0.002282470062
118.3068414 208.1077926 -0.004507473307
127.4227235 113.5557327 -0.002287560862
-26.28513343 132.2458549 -0.00143155323
161.4081574 -87.755246 -0.002647470561
194.2332824 113.8881725 -0.003977029379
44.06692458 -223.7068614 -0.004093641028
-198.8986436 -119.1093658 -0.004216524819
112.7815274 -23.50982393 -0.001039982636
221.1007478 -184.0664116 -0.006498077223
227.054461 -226.1985207 -0.008068490261
-214.5177639 268.4783663 -0.009282067897
147.679287 -240.4440516 -0.006261883024
-320.3063365 110.6316038 -0.009001285588
90.65799811 -331.9362314 -0.009321744964
-150.7398286 -246.0717185 -0.006549072442
322.0074639 158.8598029 -0.01011053116
-187.2621428 -218.3254707 -0.006501299709
228.4638023 199.7085369 -0.00723019522
-96.7520123 -273.9176476 -0.00664274743
-262.0681841 -94.12908763 -0.006078159262
62.46678802 -282.1687676 -0.006576480291
-167.4166742 236.1629371 -0.006588388634
-331.1406927 63.17757607 -0.008904596494
-188.0864249 -271.5143007 -0.008577545391
-306.1184651 20.72046335 -0.007374878821
-136.1928732 322.7895388 -0.009659304763
318.8982521 -143.257248 -0.009583164434
-266.5089669 62.73804344 -0.005874214001
-292.4535585 182.9596843 -0.009336717267
107.7210093 253.112776 -0.005954868228
301.9436517 58.17915783 -0.00740878403
135.0430554 -293.3967815 -0.00820841846
126.1216416 -201.9639064 -0.00445868513
-72.84824245 317.05945 -0.00833319937
-116.9064752 248.085665 -0.00591806497
277.9530104 -117.0064653 -0.007130593088
191.8920433 274.5938229 -0.0088232853
-48.81050403 264.2331028 -0.005685582829
-264.3810681 222.3200505 -0.009368510847
276.755141 109.2021961 -0.006939498079
-247.8241006 -42.09453826 -0.00495090839
152.6199131 293.5869816 -0.008613314182
61.69426097 298.9602109 -0.007337506104
-206.0809938 -162.3693851 -0.005403430942
12.01819679 -281.8484044 -0.006267875629
-122.9153378 -312.4156168 -0.00887079747
-250.2736636 166.0213733 -0.007077799228
-315.71746 -133.7493523 -0.009217595953
-185.5760962 151.9461685 -0.004516266422
178.5186828 -187.4616948 -0.005264357414
-23.40135288 342.907231 -0.009303902102
256.0394367 166.7625147 -0.007325919947
243.2605521 -79.56284042 -0.005134354761
-264.4784329 124.7079166 -0.006704624051
14.67301676 300.7364888 -0.007140095727
202.4476627 164.0344657 -0.005329957096
321.1382467 -12.26640663 -0.008090970764
-229.1816687 -231.2694723 -0.00832722527
281.4904335 -183.368461 -0.008855582615
-276.1612828 -226.4399374 -0.01001296441
-244.8290181 -191.7054564 -0.007590256758
-309.793925 -87.39680531 -0.008119987552
-45.85591992 -312.4904462 -0.007855645381
255.1511268 69.25118523 -0.005477765863
193.2558265 -253.1945736 -0.007974895575
269.7392998 223.6861102 -0.009640700042
105.3555504 313.7861671 -0.00862438056
-318.6721028 -44.74869875 -0.008113222093
348.9409143 -77.76591501 -0.01001488189
-206.1565012 216.7035384 -0.007028054907
29.77363058 356.3296167 -0.01006964148
-150.6366976 274.7749878 -0.007724099145
-246.5694775 -148.6926225 -0.006504097605
269.4214519 -229.6297468 -0.00983947918
-25.49643274 -262.1236311 -0.005462415536
199.9271197 -297.0185211 -0.01007947902
337.9295923 36.20295063 -0.009049297853
250.6749674 -149.9591564 -0.006693813908
197.6074928 232.8872308 -0.00733070568
285.7693339 11.18321048 -0.006407362628
-4.632523167 260.8260739 -0.005359730021
233.3367653 257.9319304 -0.009505069916
235.1129149 124.0713935 -0.005542854892
-353.7750588 26.77447938 -0.009861162576
-365.4817481 -98.75426717 -0.01123242402
475.9841762 -71.95080973 -0.0181563677
-437.9982474 -136.1662446 -0.0164891171
69.55955188 452.2022768 -0.01648439747
99.29566254 -419.7415157 -0.01464852732
-192.1800701 -395.57028 -0.01521732416
-46.71046736 -405.1310145 -0.01309785895
444.3991097 -163.5464516 -0.01757790437
-391.8012973 -213.6344249 -0.01562030607
-47.98620128 475.6142809 -0.01799656388
-292.9820873 254.3552356 -0.01182002371
364.9304271 -257.1317983 -0.01564012119
238.7318549 -378.1066489 -0.01572465024
473.1245676 17.00348232 -0.01755878716
101.4254614 419.2778437 -0.01465138177
168.4827146 -332.3713695 -0.01092442606
-382.3580141 125.9525126 -0.01270247646
378.1744998 -151.83819 -0.01301956945
-396.1375255 169.9743328 -0.01456886893
198.7010233 -362.1921583 -0.01342495903
155.8973029 -385.0292973 -0.01357990259
12.38580483 -480.0322961 -0.01816071427
306.4889678 -277.8056744 -0.01343720831
-197.7891979 409.4703409 -0.01627002053
-354.2479632 229.3149147 -0.01397254255
-115.478848 -414.2592285 -0.01456070589
-369.1720823 -19.61935136 -0.01070703016
2.853114957 426.2426857 -0.01430994354
369.8317121 149.9191797 -0.01248508967
375.9544927 73.50627558 -0.01149817638
-348.5101443 162.131045 -0.01158536174
264.5492045 400.8546238 -0.01813815567
-241.8228313 -405.7415413 -0.0175470742
-291.6677315 -268.4116307 -0.01233856625
-374.7614965 70.49474644 -0.01139385955
391.725289 -100.3217775 -0.01281374564
430.4579657 2.459084785 -0.01451629207
408.4940742 167.7756522 -0.01528926815
460.461996 73.59987217 -0.0170365568
48.43026734 -381.3265719 -0.01163620214
-337.6121237 -311.5286952 -0.01657291741
-83.76444036 451.3121759 -0.01659167694
-245.3232757 -334.5365691 -0.01352911475
237.8711407 367.5626031 -0.01507327888
297.0490956 302.2177317 -0.01410609309
10.41321367 -361.4526658 -0.01029830515
432.28475 -65.54162836 -0.01497760977
-384.8675683 271.5645539 -0.0174121868
285.7078342 -70.74509586 -0.006788941463
-118.321324 -468.4951536 -0.01838355064
-83.88824303 -366.0750247 -0.01110596344
-467.0701027 3.750828006 -0.01709118752
95.94233061 -463.8684591 -0.01766816081
-405.5367719 17.25624462 -0.01290714655
105.3000925 -375.7026685 -0.01198577648
171.7741502 479.4391515 -0.02041538938
124.6231569 495.74292 -0.02057277786
177.8274937 418.8975623 -0.01629768731
137.9134796 395.8914019 -0.01383405031
138.8385986 449.7826406 -0.01744354084
212.0354658 444.8587478 -0.01910857482
-495.4972725 -88.36780431 -0.01984870785
-414.9472059 -90.60861494 -0.01413517086
-481.9997014 -36.43052503 -0.01830461611
-501.6782426 -143.3052939 -0.02133397173
-533.0624286 -111.6363914 -0.02324211698
-447.0369783 -62.4042642 -0.01596220861
363.8529507 -392.001843 -0.02247392162
321.608295 -368.3941782 -0.0187916125
327.3732037 -316.0136424 -0.01626119446
286.1478683 -392.7444236 -0.01856302512
358.4968131 -344.2491924 -0.01940179416
275.9597629 -350.2265975 -0.01562640789
-191.0814326 575.5329919 -0.02894859815
-235.4943782 600.7360499 -0.03276765583
-194.1640362 627.8995638 -0.0340050467
-263.0078181 632.7015266 -0.0369474181
-165.0860914 661.0493243 -0.03655197169
-231.1967141 695.5516159 -0.04229076624
-780.1751673 463.7035614 -0.06461809092
-830.1819244 502.3033355 -0.07386342915
-701.4538479 517.9872283 -0.05967801196
-768.3584717 519.3550455 -0.06749343897
-818.1862315 554.2707523 -0.07663890089
-736.658205 559.608611 -0.0671766221
-1298.350071 -132.3307071 -0.1334368349
-1253.824528 -126.180155 -0.1244093634
-1347.317988 -93.40896863 -0.1428939237
-1262.567236 -78.14223866 -0.1253597927
-1305.789362 -72.70798416 -0.133991666
-1293.646774 -32.37136875 -0.1311851482
-1408.818147 -1214.92579 -0.2717383186
-1363.0362 -1204.610735 -0.259831332
-1358.140917 -1157.43117 -0.2500107882
-1312.617013 -1148.515742 -0.2388668525
-1423.806314 -1137.157405 -0.2606577315
-1387.262279 -1090.698939 -0.2444582581
-488.3322736 -542.9710748 -0.04190122367
-427.2336721 -543.7506966 -0.03758566524
-385.2804813 -530.7517152 -0.03381519663
-450.2518674 -507.0845899 -0.03613335666
-409.4865337 -495.4402492 -0.03246833604
-477.5900053 -455.5620977 -0.03421414736
-27.64333432 -966.7683562 -0.07367197403
-117.163163 -969.6578552 -0.07512817733
-76.53864925 -948.4332246 -0.07130535058
-116.497998 -925.7071575 -0.06855510624
-28.39891001 -908.8427552 -0.06511836854
-80.56472583 -894.805615 -0.06356961797
758.139938 -1117.713023 -0.1434207525
710.204237 -1121.077449 -0.1384999905
663.7215447 -1094.893795 -0.1289271322
731.1451793 -1080.648522 -0.1338538493
673.9722737 -1045.827259 -0.1217286006
735.1444272 -1022.710955 -0.1247152962
1689.631487 -680.7580857 -0.2601471438
1656.793342 -644.660593 -0.2477702038
1713.266086 -632.7479343 -0.261480957
1636.133252 -600.7539241 -0.2381338722
1711.41333 -587.8733363 -0.256669835
1666.805599 -552.7390648 -0.2417082523
667.5892381 -185.0805944 -0.03761181902
629.4955962 -151.4293955 -0.03284914571
586.6316114 -143.5571503 -0.02858257191
671.0483287 -140.9752658 -0.03684193923
641.9244902 -92.36987833 -0.03295305583
685.6941579 -83.03056643 -0.03737629301
867.4019037 357.9962063 -0.06903539867
793.5902754 368.4638199 -0.060029865
836.9047098 390.302214 -0.06686757113
771.4938609 420.4763074 -0.06055256511
876.0159587 430.7817079 -0.07473362038
842.0095389 465.6374922 -0.07261761267
627.5001736 1102.074551 -0.1265058405
588.5807246 1151.494605 -0.1315697048
526.8528651 1160.905412 -0.1278897141
643.9470636 1167.166864 -0.1397776558
548.6071525 1201.143939 -0.1372082939
599.8277475 1212.903092 -0.144052261
-293.523053 1715.858721 -0.2386318941
-353.255933 1724.717909 -0.2440591134
-259.402123 1747.033195 -0.2456563497
-313.8263265 1769.666289 -0.2543691404
-291.0992597 1806.944557 -0.263793162
-355.1671947 1808.691349 -0.2675342301
-568.0222408 -2138.172447 -0.3853483769
-504.1348442 -2102.171576 -0.3679591997
-571.7513843 -2094.863804 -0.3712425666
-620.1559388 -2079.747286 -0.3707920754
-531.6485503 -2053.087837 -0.3541282447
-564.9565963 -2014.236895 -0.3445440883
728.2538585 -2780.955635 -0.6506526013
774.2906789 -2764.0335 -0.6486812531
720.3860771 -2717.571387 -0.6223104038
789.0035818 -2704.975185 -0.625044485
674.9376116 -2695.819718 -0.6080685211
762.0421265 -2667.948219 -0.6060997701
2604.584933 -2659.120501 -1.088346603
2637.524346 -2629.653864 -1.08959951
2565.34168 -2635.457528 -1.062585324
2681.915726 -2624.196669 -1.105840193
2602.891325 -2582.322779 -1.055952507
2642.471852 -2562.088747 -1.064018592
4695.090115 -1293.411909 -1.858660084
4754.787438 -1270.179355 -1.898163016
4644.975362 -1261.596815 -1.815589209
4740.84529 -1222.90591 -1.878509378
4695.456157 -1217.945517 -1.844002625
4640.034409 -1209.868682 -1.801926302
6127.428502 1597.548009 -3.142290977
6169.630017 1632.839589 -3.191924688
6123.985705 1653.213659 -3.153238819
6206.914397 1671.401855 -3.238110126
6169.123969 1695.949609 -3.207981498
6116.152208 1696.138263 -3.157050727
-1523.955841 1454.052615 -0.3484581652
-1532.204308 1508.192093 -0.3630640659
-1460.326212 1531.545181 -0.351804413
-1576.897138 1535.866783 -0.3805846814
-1505.196004 1543.105272 -0.3650278213
-1552.921351 1571.772456 -0.3834942831
-2736.68013 683.6939019 -0.6235315962
-2676.880891 682.7091989 -0.5980650682
-2706.653747 713.9810919 -0.6140615661
-2657.798792 747.2006495 -0.5973533721
-2754.947135 750.8318098 -0.6389757179
-2701.78474 771.0732861 -0.6186762668
-3556.57548 -1006.678017 -1.070747189
-3610.221604 -972.8480026 -1.095592058
-3515.822874 -965.4519838 -1.041764939
-3556.216779 -939.1979463 -1.060205572
-3528.503529 -904.6457704 -1.039806702
-3603.354581 -897.7717793 -1.080650542
-3459.358448 -3483.037469 -1.892975462
-3415.74092 -3480.340872 -1.868004588
-3373.572644 -3442.759681 -1.825085016
-3411.811928 -3419.643995 -1.832917997
-3455.185763 -3405.744702 -1.848779416
-3421.187852 -3367.326189 -1.809970945
-1645.668597 -6214.19489 -3.253558383
-1700.577296 -6193.929912 -3.248148157
-1646.966852 -6163.86122 -3.204823477
-1710.817457 -6148.776325 -3.206990742
-1596.238997 -6122.705206 -3.152109027
-1684.959014 -6111.993366 -3.164592267
2050.069431 499.5813879 -0.3489004758
2098.663897 510.1670566 -0.365535977
2024.685853 538.9175165 -0.3440150756
2070.591417 554.9265416 -0.3601217589
2128.688189 579.6119032 -0.3814395817
2064.27149 597.0127702 -0.361892937
1971.670159 1945.970317 -0.6027910597
2038.548557 1948.495912 -0.6245761275
1996.065331 1987.757229 -0.6233202403
1952.110492 1990.960697 -0.6107289552
2041.612746 1995.784088 -0.640245688
2004.524717 2040.367281 -0.642662239
943.6966493 3524.871932 -1.048336423
900.6236569 3544.858542 -1.053241886
991.2893246 3536.38946 -1.06195621
1015.315689 3573.479515 -1.086502507
972.6885242 3589.564419 -1.088938266
931.9603693 3603.992575 -1.091035732
-1286.382434 4625.460292 -1.814694863
-1202.936266 4659.483033 -1.823302097
-1308.756352 4666.035196 -1.848936188
-1259.413498 4683.835815 -1.852117251
-1297.851533 4707.936479 -1.877644909
-1225.794857 4722.748786 -1.874401224
-4482.109282 4448.096076 -3.132096205
-4451.691566 4481.999485 -3.134653238
-4541.968847 4488.684036 -3.202981774
-4494.479117 4501.478499 -3.178422597
-4467.454915 4542.653654 -3.188779381
-4529.618767 4546.488458 -3.235339307
6983.828945 -4113.929345 -5.153869343
6939.648103 -4092.857145 -5.092058597
7049.143629 -4087.464201 -5.208577096
6986.806049 -4049.760397 -5.115869067
6953.228351 -4010.879389 -5.054516799
7036.032015 -4005.474974 -5.141849886
9910.606772 -3785.2886 -8.82299498
9848.612591 -3775.027502 -8.720922782
9874.814968 -3729.059896 -8.734240984
9962.074798 -3722.501461 -8.865994501
9851.270834 -3692.554622 -8.676519465
9927.304025 -3682.225482 -8.788328855
9472.256095 -9703.879442 -14.44528582
9423.312573 -9667.832114 -14.31783898
9359.248745 -9660.69308 -14.212707
9463.365196 -9638.83197 -14.33300249
9419.376065 -9618.743871 -14.23746328
9373.385937 -9617.712389 -14.1681934
17348.89559 1365.893144 -23.7259007
17255.84392 1369.12311 -23.47434048
17305.96736 1381.020963 -23.61262997
17257.99319 1414.105244 -23.49001254
17332.96202 1418.988555 -23.69425611
17298.99498 1444.076101 -23.60775899
22751.47112 4269.039031 -41.98633899
22689.50068 4314.246275 -41.79629577
22741.49068 4320.396634 -41.98551428
22803.23719 4330.085226 -42.2124254
22716.6601 4376.134809 -41.93526626
22784.67312 4373.020649 -42.17555778
28171.0252 -7573.137333 -66.68782448
28090.81835 -7543.374318 -66.29887448
28215.23243 -7524.394507 -66.82514276
28142.58033 -7498.282469 -66.47348413
28186.50738 -7491.621625 -66.65946244
28093.12124 -7490.859286 -66.24682887
42775.47366 -14221.48905 -159.2709786
42725.59713 -14201.26456 -158.891621
42844.78471 -14191.47516 -159.6687224
42749.16561 -14161.67693 -158.9610071
42793.29383 -14149.6383 -159.2298876
42750.40087 -14119.68673 -158.8757517
-7055.004369 -4322.579091 -5.37078583
-7034.775147 -4280.946369 -5.320246453
-6990.068732 -4276.993614 -5.268463463
-7071.983769 -4258.265078 -5.346112034
-7028.496803 -4223.685158 -5.274974847
-7084.40974 -4215.566989 -5.331395988
-9696.524884 -8276.69235 -12.76096898
-9653.620869 -8273.797428 -12.69215829
-9631.188818 -8235.38743 -12.60832621
-9764.051998 -8233.540575 -12.80780409
-9705.703015 -8218.711618 -12.69959266
-9709.338908 -8175.29301 -12.64906141
-14168.94497 -4533.201556 -17.34582617
-14228.28015 -4515.705191 -17.46535515
-14271.59542 -4499.261316 -17.55038825
-14197.52736 -4486.564117 -17.37621163
-14224.77097 -4446.469168 -17.40866279
-14180.88508 -4431.213377 -17.30033749
-10900.6861 -13872.472 -24.4655392
-10942.48669 -13863.54783 -24.51757284
-10901.13108 -13826.54718 -24.36611173
-10965.2744 -13808.95746 -24.43770406
-10862.47407 -13791.96338 -24.22497657
-10927.75689 -13788.04531 -24.32790549
-6651.060913 -20783.00185 -37.48421533
-6681.844603 -20749.22318 -37.40587701
-6629.451645 -20734.01548 -37.30155549
-6587.776096 -20720.47564 -37.21419703
-6688.716375 -20704.46237 -37.26693702
-6632.068038 -20665.98374 -37.0824473
-25602.06814 -13255.10698 -65.18666296
-25657.47918 -13220.84762 -65.33773634
-25603.05418 -13210.49304 -65.09762472
-25555.32584 -13192.44618 -64.8688144
-25666.57531 -13178.15702 -65.28554859
-25604.38815 -13140.69009 -64.95810733
-28258.26791 -26085.7439 -116.1494321
-28313.26371 -26068.91442 -116.324033
-28213.78994 -26057.61082 -115.8371245
-28261.51115 -26027.92693 -115.926486
-28328.73108 -26028.72742 -116.2277723
-28285.30983 -25993.06729 -115.8890862
-149.1589493 8154.432371 -5.238877731
-191.5190159 8160.779585 -5.248164371
-230.0205611 8179.281275 -5.273246525
-142.5545107 8201.73498 -5.299662788
-183.3087467 8216.800972 -5.320185428
-215.3594735 8248.743966 -5.362611083
4054.384947 11378.79116 -11.48538466
4011.442601 11395.35581 -11.4879625
4060.971272 11423.95131 -11.57067761
4020.843291 11438.51367 -11.57149331
4102.64272 11444.47827 -11.63429974
4049.436018 11491.21826 -11.68475261
-3964.421368 12372.76012 -13.28827378
-3873.8937 12380.92859 -13.24861038
-3925.583819 12403.20536 -13.32367813
-3880.53767 12440.76229 -13.36961964
-3984.146122 12444.87065 -13.44150715
-3922.881737 12449.84917 -13.4133193
-9106.155566 14569.09677 -23.21368977
-9060.085018 14580.98532 -23.17541945
-9131.060788 14603.20472 -23.32763969
-9083.175254 14625.90877 -23.31157884
-9128.012225 14654.1742 -23.4407299
-9080.948849 14669.83069 -23.40975435
-13807.11182 18032.85172 -40.54617167
-13768.49039 18053.0246 -40.52007319
-13801.48061 18089.10871 -40.69404413
-13845.48516 18092.16293 -40.79805605
-13774.34664 18129.02553 -40.74929287
-13838.37086 18141.14336 -40.92240645
-7788.920573 26521.46007 -60.15228254
-7729.361061 26539.66717 -60.15596603
-7826.005017 26565.75561 -60.38285827
-7772.68259 26561.66133 -60.30056519
-7742.941315 26593.06257 -60.39587784
-7823.048393 26617.7208 -60.59690704
-10569.94426 36202.37312 -111.9785938
-10493.10484 36230.35711 -112.0114488
-10557.62387 36252.57304 -112.2446809
-10504.3056 36273.33586 -112.2753088
-10598.42041 36279.68345 -112.4671754
-10554.37176 36298.33363 -112.5007932
