124.047234 -159.553047 -17.965578
-183.438998 56.076088 -19.765251
126.134467 -201.993001 -17.966827
-72.891483 317.027297 -20.470699
-116.933046 248.104995 -20.668287
277.938310 -117.006304 -17.669497
191.951746 274.586188 -19.671192
-48.832484 264.282999 -20.368055
-264.365078 222.284770 -20.871734
276.750322 109.261658 -18.669308
-247.856965 -42.100555 -19.967320
152.583393 293.645729 -20.170983
-136.714766 49.206360 -19.564023
61.717455 298.965595 -20.369705
-206.102173 -162.324986 -19.967771
12.009026 -281.883256 -18.368637
-122.892275 -312.466777 -19.271240
-250.247123 165.995320 -20.769444
-315.754352 -133.738789 -20.471587
-185.627257 151.923208 -19.466885
178.524930 -187.477632 -17.967633
-23.382182 342.956143 -20.471674
256.073654 166.770847 -19.069695
161.330424 141.064973 -19.065974
243.244162 -79.553117 -17.867501
-264.463139 124.664121 -20.869071
14.693631 300.738583 -20.369508
202.488447 164.000967 -18.967698
321.185916 -12.294402 -17.970461
-229.164337 -231.247170 -20.070693
281.515844 -183.379802 -17.371224
-276.185593 -226.482818 -20.372383
-244.872023 -191.689270 -20.169959
-309.790782 -87.421051 -20.470488
-1.411452 -105.257962 -18.763241
-45.848681 -312.466679 -18.870222
255.176464 69.260680 -18.367846
193.236687 -253.186469 -17.870341
269.793414 223.725001 -19.372012
105.361581 313.813340 -20.370993
-318.639659 -44.761488 -20.170479
348.919963 -77.782293 -17.572381
-206.207259 216.745450 -20.669399
29.804553 356.363536 -20.672439
-150.634652 274.808470 -20.870093
45.312278 -82.210250 -18.663061
-246.563047 -148.695823 -20.268871
269.485537 -229.696324 -17.472212
-25.469231 -262.159869 -18.767831
221.958354 -296.188183 -17.673136
337.987456 36.238270 -18.171420
250.698037 -149.915590 -17.669061
197.618053 232.922975 -19.169700
285.794561 11.196793 -18.168776
-4.592993 260.848438 -20.067728
233.308514 257.965045 -19.371873
-54.498904 7.654232 -19.562605
235.096143 124.110577 -18.567911
-353.833664 26.818915 -21.072232
-365.461713 -98.724884 -20.673598
475.969982 -71.914260 -17.380522
-438.031710 -136.180115 -20.978859
69.572115 452.210820 -21.178852
99.291607 -419.728153 -17.577015
-192.180502 -395.572590 -19.677584
-46.742882 -405.100666 -18.675463
444.452889 -163.550050 -17.179949
-212.963978 4.993892 -19.765923
-391.802631 -213.632627 -20.577987
-47.939273 475.591185 -21.380361
-292.997337 254.418284 -20.974190
366.598583 -250.256983 -17.177828
238.764364 -378.177145 -17.378097
473.190499 16.953880 -17.779930
101.484437 419.300942 -20.077021
168.481631 -332.413189 -17.873294
-382.368543 125.990339 -21.475071
378.244898 -151.801981 -17.275390
81.003367 101.174988 -19.463688
-396.189171 169.980710 -21.476939
198.702945 -362.220664 -17.475794
155.955399 -385.045651 -17.475949
12.406766 -480.006096 -17.880526
320.049251 -250.902143 -17.275350
-197.760189 409.438342 -20.278634
-354.237240 229.373588 -21.176341
-115.435787 -414.298374 -19.076930
-369.142640 -19.609538 -20.873073
2.863101 426.282863 -21.176680
157.551775 73.140448 -18.964734
369.902574 149.925205 -18.874857
375.964558 73.468591 -18.273866
-348.568402 162.114879 -21.373955
264.528541 400.905354 -20.280507
-241.785668 -405.768152 -19.979914
-291.693440 -268.478921 -20.274710
-374.811095 70.476408 -21.473764
391.766515 -100.277871 -17.475183
430.441358 2.439624 -17.876882
408.476993 167.763701 -18.777655
-42.568566 -69.467550 -18.962890
460.466755 73.575945 -18.079404
48.392834 -381.388484 -18.074007
-337.619970 -311.584084 -20.678943
-83.729331 451.324670 -21.078959
-245.366133 -334.519506 -20.075897
237.883741 367.552782 -20.077440
297.035309 302.285790 -19.676476
10.418762 -361.443078 -18.272665
432.328067 -65.596486 -17.477348
-384.858696 271.590317 -21.179780
-82.235449 119.236806 -19.264017
37.122615 -18.568454 -18.962503
285.693479 -70.799900 -17.769156
-118.317577 -468.483385 -18.980749
-83.922242 -366.097165 -18.973475
-467.065167 3.767542 -21.579458
95.911094 -463.939781 -17.380040
-405.528502 17.288498 -21.475274
105.355913 -375.737599 -17.874356
171.773535 479.468584 -20.982784
124.649575 495.757251 -21.282941
177.837090 418.968184 -20.678670
167.193941 16.961315 -18.564580
137.970471 395.920786 -20.076204
138.865702 449.772260 -20.979810
261.447484 444.230529 -20.383264
-495.493887 -88.425112 -21.482216
-414.969910 -90.638439 -20.976504
-481.975451 -36.455859 -21.480670
-501.655366 -143.274300 -21.483698
-533.070868 -111.695865 -21.785610
-447.080896 -62.383206 -21.278332
363.922949 -392.031510 -17.184846
194.830340 -56.392918 -18.265592
321.673728 -368.427535 -17.181164
342.285892 -301.295854 -17.278695
286.183562 -392.804682 -17.180935
358.556108 -344.273069 -17.181773
275.944868 -350.254545 -17.277994
88.839852 -123.993760 -18.264197
-59.569352 158.019193 -19.664612
125.342731 162.894510 -19.365688
-94.364686 184.058404 -19.965733
3.161581 173.531836 -19.864740
29.306453 -183.930301 -18.365099
-52.609447 -121.435287 -18.863746
70.364643 -47.638167 -18.662934
75.336762 148.600805 -19.664552
112.515337 -84.980123 -18.363928
68.875560 227.716327 -19.966823
-67.023361 -170.744709 -19.165016
202.784964 70.369326 -18.765979
-87.006390 -74.786536 -18.763401
-143.572001 -119.662794 -19.365110
73.546150 10.646133 -19.062800
-136.415640 -11.737574 -19.763836
74.638834 -187.698069 -18.165579
-133.730219 -55.838368 -19.564014
-220.223086 76.795605 -19.866631
-102.415856 14.967374 -19.663207
213.521566 29.259936 -18.466007
-210.776114 -66.255167 -19.966194
67.581781 53.417414 -19.462950
-69.508564 -212.851025 -19.066314
-179.761373 108.376767 -19.465824
165.004857 -130.855094 -18.065849
-182.841096 -28.247899 -19.865049
13.400886 220.292853 -20.066204
1.471326 5.549497 -19.362370
200.992564 -107.918518 -18.066450
51.378175 188.602197 -19.965376
-22.884909 -158.001847 -18.764375
-120.012876 93.640356 -19.264187
126.335481 27.155663 -18.863676
226.941303 -17.278876 -18.266426
-170.711590 -87.530025 -19.665254
44.715460 -133.735309 -18.463933
-103.210280 -139.829709 -19.164742
-26.045844 -26.165728 -19.262475
-31.634168 199.349954 -19.965576
150.889897 -42.209056 -18.264292
-145.559948 -169.304406 -19.566285
-109.671580 -192.352322 -19.366224
-86.807481 -30.130832 -19.463030
-136.615894 167.215194 -19.566032
-69.511764 223.838183 -20.166692
-9.364061 -219.056370 -18.566154
-169.918311 15.963997 -19.764650
118.284389 208.102917 -19.366874
127.429238 113.585483 -19.164656
33.184450 132.754848 -19.663842
-23.580696 135.636400 -19.763860
161.427178 -87.751074 -18.265016
194.235871 113.916756 -18.866345
44.119336 -223.710658 -18.266462
-198.944819 -119.109848 -19.966586
112.814511 -23.483028 -18.463408
221.073428 -184.042999 -17.768864
227.036815 -226.261046 -17.770437
-214.559049 268.492164 -20.871651
100.519540 -240.987632 -17.967733
9.026307 -51.295062 -18.862581
-320.333289 110.590398 -21.171369
90.643472 -331.968621 -18.071691
-150.727673 -246.094317 -19.668917
321.985677 158.902089 -19.072478
-187.311722 -218.393024 -19.768873
228.436266 199.680893 -18.969596
-96.747021 -273.905938 -19.269010
-262.071918 -94.179583 -20.068447
57.208580 -282.668452 -17.968917
-167.435897 236.137258 -20.868955
111.920356 66.714174 -19.163700
-331.168104 63.164202 -20.971273
-188.106716 -271.580441 -19.770948
-306.115599 20.725696 -20.169742
-136.220225 322.788303 -20.572027
318.896030 -143.268076 -17.471951
-266.548965 62.722185 -20.168243
-292.499630 182.947268 -21.171706
107.747063 253.090647 -20.068322
301.999962 58.178871 -18.269779
99.261472 -290.543282 -17.969788
-191.101238 575.537603 -20.191316
-235.542333 600.801317 -20.495142
-194.184440 627.948829 -20.496377
-262.982466 632.712482 -20.899313
-165.054931 661.080671 -20.798920
-231.169694 695.540666 -21.304654
6984.215192 -4114.207066 -7.916547
6940.002015 -4093.129281 -8.054697
7049.524628 -4087.650449 -7.571189
6987.232999 -4049.940475 -7.778528
6953.662564 -4011.139378 -7.917235
7036.451739 -4005.755898 -7.504565
9911.181206 -3785.525449 2.314124
9849.172721 -3775.281628 2.316208
9875.446840 -3729.317601 2.802778
9951.942855 -3731.164570 2.982882
9851.822111 -3692.733044 2.960670
9917.091110 -3690.913612 3.360654
9472.782591 -9704.422344 -24.408459
9423.836428 -9668.373047 -24.281005
9359.769485 -9661.233636 -24.275868
9463.891696 -9639.371441 -24.196170
9419.900096 -9619.281595 -24.100625
9373.906993 -9618.250535 -24.131351
17349.931477 1365.974651 -7.789686
17256.872834 1369.205598 -7.938108
17306.999348 1381.104187 -7.876406
17259.021387 1414.190290 -8.253780
17333.996070 1419.073642 -7.958038
17300.026772 1444.163174 -7.971535
22752.850967 4269.299492 -20.051255
22690.875720 4314.509180 -20.061197
22732.793572 4318.496365 -20.113063
22798.913044 4335.257372 -20.560319
22718.036007 4376.401295 -20.400175
22785.488300 4375.073605 -20.639695
28172.547439 -7573.548647 -86.741448
28092.337008 -7543.784432 -86.352481
28217.656604 -7521.867739 -86.879272
28144.100900 -7498.689856 -86.527096
28188.030863 -7492.028249 -86.713086
28094.639649 -7491.266801 -86.300431
42777.785379 -14222.261863 -179.329610
42727.906668 -14202.036626 -178.950236
42847.099993 -14192.246457 -179.727375
42751.476512 -14162.446402 -179.019626
42795.606852 -14150.407535 -179.288520
42752.711254 -14120.453831 -178.934362
-780.246493 463.710474 -23.626992
-830.256133 502.379490 -24.136243
-701.511542 518.010833 -23.622051
-768.419010 519.336446 -24.029863
-818.230392 554.348483 -24.139015
-736.707032 559.671737 -23.929552
-1298.447592 -132.360705 -24.895818
-1253.911149 -126.151516 -24.886787
-1347.363116 -93.362529 -25.105263
-1262.664091 -78.172800 -24.887740
-1305.810295 -72.747357 -25.096357
-1293.686073 -32.412781 -25.093554
-1408.872621 -1214.955277 -26.634109
-1363.148114 -1204.645547 -26.322216
-1358.183304 -1157.440614 -26.412376
-1312.656490 -1148.571102 -26.401240
-1423.892219 -1137.170756 -25.823033
-1387.316662 -1090.738774 -26.106832
-568.072570 -2138.243953 -25.747724
-504.161331 -2102.339495 -25.630365
-571.752009 -2095.028697 -25.933645
-620.159492 -2079.850973 -26.233174
-531.696580 -2053.253405 -25.616535
-564.996335 -2014.361219 -25.506936
683.187487 -2756.325398 -23.197262
729.206644 -2739.374321 -22.895016
691.737776 -2707.602466 -22.977216
761.321350 -2697.207064 -22.680712
646.217845 -2685.771137 -23.063172
734.388933 -2660.196410 -22.761940
2641.402777 -2647.584947 -10.860963
2677.300597 -2617.605964 -10.963488
2614.269215 -2604.640173 -10.832028
2722.371641 -2624.717696 -11.285489
2608.559463 -2557.832369 -10.910661
2657.460786 -2564.268187 -10.533430
4661.243941 -1292.153681 -6.895860
4720.994015 -1268.906921 -7.135085
4611.156547 -1260.333402 -6.453082
4707.095643 -1221.586693 -6.915539
4661.669469 -1216.584197 -6.681240
4606.205299 -1208.584720 -6.439445
6127.786156 1584.741177 -3.801613
6170.060841 1619.957901 -3.651227
6124.433732 1640.367721 -3.812524
6215.655318 1646.640613 -3.402328
6174.260834 1571.445022 -3.643095
6217.860004 1596.292594 -3.391617
-497.600314 -535.162656 -21.804320
-420.214915 -546.092131 -21.299687
-378.264075 -533.127152 -20.895961
-467.571437 -492.342144 -21.698584
-402.421337 -497.780456 -21.194568
-489.918731 -429.939702 -21.595728
-149.137388 8154.897304 -27.401559
-191.514706 8161.212130 -27.710805
-230.012742 8179.715496 -27.835889
-142.571926 8202.211228 -27.562360
-183.358338 8217.280029 -27.882888
-215.390679 8249.191569 -27.925272
4054.636819 11379.468929 -26.248494
4011.656875 11395.992662 -26.350975
4061.219119 11424.564079 -26.333668
4021.023745 11439.092763 -26.434380
4102.918077 11445.160442 -26.297433
4049.698200 11491.826688 -26.447744
-3964.636982 12373.412236 -31.151320
-3874.084339 12381.639735 -31.111757
-3925.837342 12403.896182 -31.186823
-3880.769739 12441.472521 -31.332790
-3984.362805 12445.540544 -30.904588
-3923.064932 12450.545834 -31.276433
-9106.668597 14569.921552 -28.777370
-9060.594912 14581.810455 -28.939097
-9131.574543 14604.031313 -28.991326
-9084.516201 14628.886290 -28.681397
-9128.526241 14655.003484 -29.004422
-9081.359074 14670.837579 -28.973709
-13803.263980 18054.055149 -69.258336
-13764.160537 18073.931183 -69.130444
-13797.152129 18110.017175 -69.404511
-13841.158851 18113.071659 -69.408503
-13770.016945 18150.047229 -69.260227
-13834.045014 18162.165579 -69.633339
-7789.336499 26522.884264 -84.217879
-7729.773666 26541.092940 -84.221565
-7826.423066 26567.181275 -84.748466
-7779.605333 26575.963648 -84.627987
-7741.884389 26595.136802 -84.662412
-7823.466064 26619.149012 -85.062526
-10521.498048 36153.772792 -146.378135
-10444.456701 36181.648763 -146.110406
-10508.379663 36203.754014 -146.641356
-10455.358669 36224.629843 -146.373361
-10549.376734 36230.865698 -146.963657
-10505.327014 36249.738905 -146.898738
-27.655092 -966.781082 -21.636038
-117.120573 -969.662360 -22.037492
-76.562122 -948.498123 -21.833679
-116.523917 -925.782814 -21.730931
-28.351115 -908.939877 -21.227496
-80.539432 -894.867739 -21.325942
758.140910 -1117.722841 -19.905783
710.227998 -1121.155488 -20.000877
663.806631 -1095.001581 -20.191315
731.204461 -1080.711229 -19.896232
674.048320 -1045.915558 -19.884112
735.183773 -1022.759581 -19.687089
1689.852428 -646.253271 -16.218953
1657.052684 -610.126158 -16.106779
1713.518153 -598.277562 -15.920560
1636.381811 -566.244054 -15.897381
1711.636568 -553.399845 -15.815985
1667.006642 -518.268238 -15.701208
2044.806987 476.309919 -13.507772
2093.423728 486.939600 -13.224339
2019.462495 515.650672 -13.502777
2065.296045 531.709968 -13.218767
2123.460251 556.410323 -12.739969
2059.040357 573.817597 -13.020412
1971.899402 1978.856444 -16.775362
2038.815325 1981.394633 -16.597177
1996.365838 2020.626935 -16.796124
1952.318926 2023.846988 -16.883525
2041.905368 2028.708212 -16.713107
2004.826156 2073.258956 -16.915746
943.778684 3525.062317 -20.510765
900.722277 3545.010046 -20.515651
991.312425 3536.582556 -20.324377
1015.381003 3573.700667 -20.348946
972.721588 3589.770917 -20.351369
932.050975 3604.178679 -20.453463
-1286.405891 4625.665129 -27.777120
-1202.970585 4659.690937 -27.685732
-1308.786583 4666.328683 -27.911427
-1259.460705 4684.062360 -27.814563
-1297.950198 4708.214427 -27.840139
-1225.849706 4722.958750 -27.536836
-4482.364032 4448.306999 -33.594626
-4451.944778 4482.224831 -33.497192
-4542.246367 4488.951928 -33.665568
-4494.714694 4501.711675 -33.540955
-4467.679335 4542.940953 -33.551342
-4529.836014 4546.685686 -33.597832
667.720674 -173.067385 -16.999653
629.647815 -139.490666 -16.994957
586.801135 -131.621667 -16.990706
671.203023 -128.966991 -16.998969
642.077917 -80.432132 -17.095172
685.821057 -71.015012 -17.099610
-7027.725369 -4363.757647 -44.630956
-7007.475152 -4322.192852 -44.680259
-6962.755990 -4318.179153 -44.628589
-7044.754330 -4299.498516 -44.805886
-7001.244916 -4264.903073 -44.734678
-7057.101251 -4256.733641 -44.890708
-9747.281763 -8324.237178 -52.462155
-9704.257639 -8321.316106 -52.292768
-9682.175349 -8282.339979 -52.308267
-9815.238062 -8284.890180 -52.714826
-9757.184941 -8269.991695 -52.606394
-9714.143741 -8233.847821 -52.593765
-14169.667297 -4533.402572 -61.609069
-14229.014327 -4515.962618 -61.828665
-14272.263334 -4499.501367 -61.513536
-14198.241072 -4486.785207 -61.639450
-14225.516093 -4446.704309 -61.371980
-14181.607838 -4431.474297 -61.263623
-10901.207173 -13873.137844 -59.828984
-10943.021678 -13864.309518 -60.081252
-10901.644928 -13827.263992 -59.729656
-10965.809423 -13809.699493 -60.301341
-10863.044595 -13792.658909 -59.588571
-10928.291296 -13788.724782 -59.991405
-6651.418926 -20784.125176 -59.248608
-6682.203437 -20750.344448 -59.270264
-6629.808213 -20735.137041 -58.765939
-6588.130750 -20721.597998 -58.378580
-6689.075943 -20705.581934 -59.131320
-6632.425293 -20667.101927 -58.646821
-25603.455395 -13277.306419 -85.285107
-25658.838586 -13242.957251 -85.435765
-25604.439655 -13232.652633 -85.195828
-25556.709088 -13214.604253 -84.966944
-25667.962996 -13200.315095 -85.383648
-25725.825390 -13224.594162 -85.667127
-28259.595914 -26086.976869 -181.117272
-28314.594336 -26070.145773 -181.391880
-28215.117576 -26058.843595 -180.504957
-28262.802532 -26029.141648 -180.794087
-28330.062481 -26029.957192 -181.295616
-28286.591595 -25994.290122 -180.856680
918.030274 387.891914 -18.540237
832.584439 324.038607 -18.624939
786.091292 360.063007 -18.920984
744.048451 463.666549 -19.222666
876.043899 430.795051 -18.837102
861.259585 483.298079 -18.938870
627.533696 1102.187483 -20.888890
588.661858 1151.608774 -20.793959
526.921359 1160.919354 -21.090259
643.941669 1167.230359 -20.602149
548.596860 1201.252300 -21.099588
599.899708 1212.995554 -20.706437
-293.529068 1715.956952 -22.901014
-353.284434 1724.819677 -22.906443
-259.426075 1747.093771 -22.708029
-313.813370 1769.808790 -22.616762
-291.145203 1807.039483 -22.626176
-355.176627 1808.810921 -22.729922
-1524.006869 1454.142493 -26.110840
-1532.266131 1508.326044 -26.125459
-1460.383912 1531.603301 -25.814181
-1577.010983 1535.911295 -26.242971
-1505.226339 1543.233546 -26.127415
-1552.954703 1571.815796 -26.145861
-2736.824368 683.720918 -29.885931
-2676.973638 682.736551 -29.560443
-2706.805975 713.977787 -29.676461
-2657.898563 747.229965 -29.559735
-2755.132043 750.865815 -29.901394
-2701.946803 771.155291 -29.681090
-3561.434943 -1005.130643 -31.635523
-3615.122886 -971.349927 -32.160447
-3520.689384 -963.898879 -31.506525
-3561.055487 -937.649262 -31.824987
-3533.331008 -903.069290 -31.804566
-3608.186383 -896.220326 -32.245472
-3459.546879 -3483.233047 -36.755455
-3415.917639 -3480.561976 -36.530491
-3373.788212 -3442.986541 -36.387595
-3411.958152 -3419.838323 -36.495374
-3455.394560 -3405.888473 -36.511241
-3421.315225 -3367.539692 -36.472426
-1598.974415 -6225.924167 -34.715379
-1700.662717 -6209.782713 -35.025854
-1647.109020 -6179.746833 -34.982503
-1710.903496 -6164.685573 -34.984641
-1588.894799 -6168.822329 -34.757121
-1685.073670 -6127.894356 -34.742152
