-247.856965 -42.100555 -19.967320
-206.102173 -162.324986 -19.967771
193.236687 -253.186469 -17.870341
337.987456 36.238270 -18.171420
197.618053 232.922975 -19.169700
-46.742882 -405.100666 -18.675463
-212.963978 4.993892 -19.765923
473.190499 16.953880 -17.779930
168.481631 -332.413189 -17.873294
81.003367 101.174988 -19.463688
-354.237240 229.373588 -21.176341
264.528541 400.905354 -20.280507
-83.729331 451.324670 -21.078959
285.693479 -70.799900 -17.769156
194.830340 -56.392918 -18.265592
88.839852 -123.993760 -18.264197
75.336762 148.600805 -19.664552
112.515337 -84.980123 -18.363928
68.875560 227.716327 -19.966823
-67.023361 -170.744709 -19.165016
-143.572001 -119.662794 -19.365110
-133.730219 -55.838368 -19.564014
-22.884909 -158.001847 -18.764375
-170.711590 -87.530025 -19.665254
44.715460 -133.735309 -18.463933
-26.045844 -26.165728 -19.262475
-109.671580 -192.352322 -19.366224
-9.364061 -219.056370 -18.566154
127.429238 113.585483 -19.164656
-23.580696 135.636400 -19.763860
194.235871 113.916756 -18.866345
44.119336 -223.710658 -18.266462
-214.559049 268.492164 -20.871651
9.026307 -51.295062 -18.862581
-320.333289 110.590398 -21.171369
57.208580 -282.668452 -17.968917
-167.435897 236.137258 -20.868955
-331.168104 63.164202 -20.971273
-188.106716 -271.580441 -19.770948
301.999962 58.178871 -18.269779
-191.101238 575.537603 -20.191316
-235.542333 600.801317 -20.495142
-497.600314 -535.162656 -21.804320
-420.214915 -546.092131 -21.299687
-7027.725369 -4363.757647 -44.630956
-7007.475152 -4322.192852 -44.680259
-6962.755990 -4318.179153 -44.628589
-7044.754330 -4299.498516 -44.805886
-7001.244916 -4264.903073 -44.734678
-7057.101251 -4256.733641 -44.890708
-28259.595914 -26086.976869 -181.117272
-28314.594336 -26070.145773 -181.391880
-28215.117576 -26058.843595 -180.504957
-28262.802532 -26029.141648 -180.794087
-3459.546879 -3483.233047 -36.755455
-3415.917639 -3480.561976 -36.530491
-3373.788212 -3442.986541 -36.387595
-3411.958152 -3419.838323 -36.495374
-3455.394560 -3405.888473 -36.511241
-3421.315225 -3367.539692 -36.472426
-1598.974415 -6225.924167 -34.715379
-1700.662717 -6209.782713 -35.025854
-1647.109020 -6179.746833 -34.982503
-1710.903496 -6164.685573 -34.984641
