-7027.725369 -4363.757647 -44.630956
-7007.475152 -4322.192852 -44.680259
-6962.755990 -4318.179153 -44.628589
-7044.754330 -4299.498516 -44.805886
-7001.244916 -4264.903073 -44.734678
-7057.101251 -4256.733641 -44.890708
-3459.546879 -3483.233047 -36.755455
-3415.917639 -3480.561976 -36.530491
-3373.788212 -3442.986541 -36.387595
-3411.958152 -3419.838323 -36.495374
-3455.394560 -3405.888473 -36.511241
-3421.315225 -3367.539692 -36.472426
-1598.974415 -6225.924167 -34.715379
-1700.662717 -6209.782713 -35.025854
-1647.109020 -6179.746833 -34.982503
-1710.903496 -6164.685573 -34.984641
